run_id,model,method,job_id,target_model,draft_model,num_speculative_tokens,max_steps,max_new_tokens,min_tokens,metric_status,speedup_basis,steps,completed_steps,generation_worker_tokens_per_sec_per_gpu,e2e_tokens_per_sec_per_gpu,generation_time_s,total_step_time_s,generation_worker_tps_speedup_vs_baseline,e2e_tps_speedup_vs_baseline,generation_time_speedup_vs_baseline,total_step_time_speedup_vs_baseline,vllm_acceptance_rate_pct,vllm_acceptance_length,draft_training_enabled_steps,draft_refit_steps,latest_error,log_path,base_log_dir
20260613_oci_hsg_qwen8_pard2_official_comparison_masterconfigfix_shortqos,qwen8,baseline,3288181,Qwen/Qwen3-8B,,0,10,256,128,parsed,matched_baseline,9,9,225.469,74.678,7.813,23.469,1.0000,1.0000,1.0000,1.0000,,,0,0,,/Users/sna/Nemo-RL_Qwen3_Roadmap/tmp/oci_hsg_nemorl_integrated_logs/20260613_oci_hsg_qwen8_pard2_official_comparison_masterconfigfix_shortqos/qwen8_baseline/3288181-logs/ray-driver.log,/lustre/fs1/portfolios/coreai/projects/coreai_dlalgo_nemorl/users/sna/SpecDec-RL-pard2-official-comparison-oci-20260613/logs/20260613_oci_hsg_qwen8_pard2_official_comparison_masterconfigfix_shortqos/qwen8_baseline
20260613_oci_hsg_qwen8_pard2_official_comparison_masterconfigfix_shortqos,qwen8,online_pard2,3288183,Qwen/Qwen3-8B,amd/PARD2-Qwen3-8B,1,10,256,128,parsed,matched_baseline,9,9,132.736,50.071,13.287,35.340,0.5887,0.6705,0.5880,0.6641,2.553,1.026,9,9,,/Users/sna/Nemo-RL_Qwen3_Roadmap/tmp/oci_hsg_nemorl_integrated_logs/20260613_oci_hsg_qwen8_pard2_official_comparison_masterconfigfix_shortqos/qwen8_online_pard2/3288183-logs/ray-driver.log,/lustre/fs1/portfolios/coreai/projects/coreai_dlalgo_nemorl/users/sna/SpecDec-RL-pard2-official-comparison-oci-20260613/logs/20260613_oci_hsg_qwen8_pard2_official_comparison_masterconfigfix_shortqos/qwen8_online_pard2
20260613_oci_hsg_qwen8_pard2_official_comparison_masterconfigfix_shortqos,qwen8,static_pard2,3288182,Qwen/Qwen3-8B,amd/PARD2-Qwen3-8B,1,10,256,128,parsed,matched_baseline,9,9,136.891,61.916,12.898,28.594,0.6071,0.8291,0.6058,0.8208,1.836,1.018,0,0,,/Users/sna/Nemo-RL_Qwen3_Roadmap/tmp/oci_hsg_nemorl_integrated_logs/20260613_oci_hsg_qwen8_pard2_official_comparison_masterconfigfix_shortqos/qwen8_static_pard2/3288182-logs/ray-driver.log,/lustre/fs1/portfolios/coreai/projects/coreai_dlalgo_nemorl/users/sna/SpecDec-RL-pard2-official-comparison-oci-20260613/logs/20260613_oci_hsg_qwen8_pard2_official_comparison_masterconfigfix_shortqos/qwen8_static_pard2
